$ANSIBLE_VAULT;1.1;AES256
66646263643366323165323839383132376330633662336335393631306461663261383532326431
3238643066623463663461633338653433663134376230620a313863313231356231303461373130
38326662623937643838353332613266613363353839616139616230653137366162363639356434
6630636634326637610a626436613634393062393165313863356430376663316131653030303631
38316337373461646362346462306263633962616563626263336363353930313336666266373132
66633038366531396434356462313932633863626439656462623439653563333131306333306261
62623435323465636337343532313361653635323462663965306132393931633831663932666439
36613736643532313030313732623630656637353262386334666432376635653564396235613239
66306438316330303834383339656431396535363538633436653034383763313736643964303864
31333562356363666538313662313336336134346537346538326565626362303065613139653234
39336335393331353436626333643461656235623635326263346537396635613437626632396336
33376162646636326264373931373563383064356161383232353061346130353461376461356663
63393434633336383231666338663833666662326363373066396334613966386630633365663630
64386264323135363633323765373661323935393931326235323465336433643431386666646138
63313534646666393336356662643439303330356362343830633862393137323736303631646666
36636235323063353463303935393565633130663566353034383161386431396636666435353238
30316266613332376261633261613535323638613531353562666462393862323434393330333565
62396333613837653162313130376436396162613231386339333837653064363831376431306264
32323765646238306235386535633037373231303661643562633331303338383864623931396136
36353763626539376362333532663138313238623164633765326565613166326565373238383635
35303931636561303937363232323633333839663265373536393766343133653334343234663238
35666463393132353462353131316634633834633935663635633832653264373433656339653836
65326237333639336634666235623133366437326138333463313661303834653631663439356366
31643463646435373766
